##################################
Inisialisasi
2 1 5 4 6 3 
1 5 6 3 4 2 7 
2 3 3 4 
5 3 1 2 6 4 
5 1 7 4 6 2 3 
1 4 1 1 
4 5 3 1 6 2 
3 7 2 4 1 5 6 
2 3 4 3 
1 2 5 6 4 3 
3 4 1 7 5 6 2 
2 4 2 4 
6 3 1 2 4 5 
7 1 4 3 2 6 5 
4 2 4 2 
##################################
##################################
Inisialisasi decoding
[ 0. 98.  0.]
[0. 0. 0.]
[  0.   0. 196.]


[0. 0. 0. 0.]
[  0.   0.   0. 100.]
[  0.  50. 150.   0.]


[0 0 0 0]
[50  0  0  0]
[  0 100  50   0]
[  0   0   0 100]


0
1
1


0
1
1
1


[ 54.   0. 196.]
[44.  0.  0.]
[0. 0. 0.]


[50. 50.  0.  0.]
[0. 0. 0. 0.]
[100.   0. 100.   0.]


[ 50 100   0   0]
[ 0  0 50  0]
[  0   0   0 100]
[0 0 0 0]


1
0
1


1
1
1
0


[  0. 147.   0.]
[147.   0.   0.]
[0. 0. 0.]


[ 0. 50. 50. 50.]
[  0.   0. 150.   0.]
[0. 0. 0. 0.]


[0 0 0 0]
[50  0  0  0]
[  0 100   0 100]
[ 0  0 50  0]


1
1
0


0
1
1
1


[ 0. 44.  0.]
[0. 0. 0.]
[147. 103.   0.]


[  0. 100.  50.   0.]
[  0.   0. 150.   0.]
[0. 0. 0. 0.]


[0 0 0 0]
[50  0 50  0]
[  0 100   0 100]
[0 0 0 0]


1
1
0


0
1
1
0


[152.   0.  98.]
[44.  0.  0.]
[0. 0. 0.]


[ 50.  50. 100.   0.]
[0. 0. 0. 0.]
[100.   0.   0.   0.]


[ 50 100   0   0]
[ 0  0 50  0]
[  0   0   0 100]
[0 0 0 0]


1
0
1


1
1
1
0


##################################
##################################
crossover dengan pc= 0.5
1. random nilai
0.4100076114622896
0.5845845008611918
0.8542624922442323
0.22004955071168864
0.25943128043034724
2. parents 
[0.22004955071168864, 0.25943128043034724]
3. new population 
2 1 5 4 6 3 1 5 6 3 4 2 7 2 3 3 4 
5 3 1 2 6 4 5 1 7 4 6 2 3 1 4 1 1 
4 5 3 1 6 2 3 7 2 4 1 5 6 2 3 4 3 
1 2 5 6 4 3 7 1 4 3 2 6 5 2 4 2 4 
6 3 1 2 4 5 3 4 1 7 5 6 2 4 2 4 2 
##################################
##################################
mutasi dengan Pm = 0.7
1. random nilai 
0.2117356536299041
0.9348603699035736
0.21661441821963845
0.9003373212210609
0.800175686604004
2. parents 
[0, 2]
3. pemilihan stage 

 parent0stage1 dan stage 3 
->stage1
[2, 1, 5, 4, 3, 6]
->stage3
[2, 3, 3, 3]

 parent1stage1 dan stage 3 
->stage1
[4, 5, 3, 1, 2, 6]
->stage3
[2, 3, 2, 3]
####populasi setelah dimutasi 
2 1 5 4 3 6 1 5 6 3 4 2 7 2 3 3 3 
5 3 1 2 6 4 5 1 7 4 6 2 3 1 4 1 1 
4 5 3 1 2 6 3 7 2 4 1 5 6 2 3 2 3 
1 2 5 6 4 3 7 1 4 3 2 6 5 2 4 2 4 
6 3 1 2 4 5 3 4 1 7 5 6 2 4 2 4 2 
##################################
##################################
decode muplus lambda
[ 0. 98.  0.]
[0. 0. 0.]
[  0.   0. 196.]


[0. 0. 0. 0.]
[  0.   0.   0. 100.]
[  0.  50. 150.   0.]


[0 0 0 0]
[50  0  0  0]
[  0 100  50   0]
[  0   0   0 100]


0
1
1


0
1
1
1


[ 54.   0. 196.]
[44.  0.  0.]
[0. 0. 0.]


[50. 50.  0.  0.]
[0. 0. 0. 0.]
[100.   0. 100.   0.]


[ 50 100   0   0]
[ 0  0 50  0]
[  0   0   0 100]
[0 0 0 0]


1
0
1


1
1
1
0


[  0. 147.   0.]
[147.   0.   0.]
[0. 0. 0.]


[ 0. 50. 50. 50.]
[  0.   0. 150.   0.]
[0. 0. 0. 0.]


[0 0 0 0]
[50  0  0  0]
[  0 100   0 100]
[ 0  0 50  0]


1
1
0


0
1
1
1


[ 0. 44.  0.]
[0. 0. 0.]
[147. 103.   0.]


[  0.  50.   0. 100.]
[150.   0.   0.   0.]
[0. 0. 0. 0.]


[ 50 100   0   0]
[ 0  0 50  0]
[0 0 0 0]
[  0   0   0 100]


1
1
0


1
1
0
1


[152.   0.  98.]
[44.  0.  0.]
[0. 0. 0.]


[ 50.  50. 100.   0.]
[0. 0. 0. 0.]
[100.   0.   0.   0.]


[ 50 100   0   0]
[ 0  0 50  0]
[  0   0   0 100]
[0 0 0 0]


1
0
1


1
1
1
0


[  0.   0. 196.]
[0. 0. 0.]
[ 0. 98.  0.]


[0. 0. 0. 0.]
[ 0. 50. 50.  0.]
[  0.   0. 200.   0.]


[0 0 0 0]
[50  0  0  0]
[  0 100  50 100]
[0 0 0 0]


0
1
1


0
1
1
0


[ 54.   0. 196.]
[44.  0.  0.]
[0. 0. 0.]


[50. 50.  0.  0.]
[0. 0. 0. 0.]
[100.   0. 100.   0.]


[ 50 100   0   0]
[ 0  0 50  0]
[  0   0   0 100]
[0 0 0 0]


1
0
1


1
1
1
0


[ 0. 94.  0.]
[147.  53.   0.]
[0. 0. 0.]


[  0. 100.  50.   0.]
[  0.   0. 150.   0.]
[0. 0. 0. 0.]


[0 0 0 0]
[50  0 50  0]
[  0 100   0 100]
[0 0 0 0]


1
1
0


0
1
1
0


[ 0.  0. 44.]
[0. 0. 0.]
[196.   0.  54.]


[  0. 100. 100.   0.]
[0. 0. 0. 0.]
[  0.   0. 100.   0.]


[0 0 0 0]
[50  0 50  0]
[  0 100   0 100]
[0 0 0 0]


1
0
1


0
1
1
0


[103. 147.   0.]
[44.  0.  0.]
[0. 0. 0.]


[  0.  50. 100.   0.]
[150.   0.   0.   0.]
[0. 0. 0. 0.]


[ 50 100   0   0]
[ 0  0 50  0]
[  0   0   0 100]
[0 0 0 0]


1
1
0


1
1
1
0


##################################
##################################
eval muplus lambda
0.17161973839713376
0.008066429066748232
0.13365483808010586
-0.07390008462965925
0.2355647356521141
0.3422966858536586
0.008066429066748232
-0.02058033609756091
-0.0873996809989658
0.22235210299254332
##################################
##################################
populasi baru 
1 2 5 6 4 3 7 1 4 3 2 6 5 2 4 2 4 
1 2 5 6 4 3 3 4 1 7 5 6 2 2 4 2 4 
4 6 2 5 1 3 5 4 7 1 3 2 6 1 3 2 3 
3 5 2 4 1 6 1 7 4 3 6 5 2 3 4 3 1 
4 1 3 5 2 6 7 6 3 1 5 2 4 4 3 2 2 
##################################
##################################
crossover dengan pc= 0.5
1. random nilai
0.3238735397046355
0.23583745147606505
0.7964812421411221
0.216509298113143
0.6232099192859318
2. parents 
[0.3238735397046355, 0.216509298113143]
3. new population 
1 2 5 6 4 3 1 7 4 3 6 5 2 2 4 2 4 
1 2 5 6 4 3 3 4 1 7 5 6 2 2 4 2 4 
4 6 2 5 1 3 5 4 7 1 3 2 6 1 3 2 3 
3 5 2 4 1 6 7 1 4 3 2 6 5 3 4 3 1 
4 1 3 5 2 6 7 6 3 1 5 2 4 4 3 2 2 
##################################
##################################
mutasi dengan Pm = 0.7
1. random nilai 
0.10175448845613266
0.12170798520252102
0.4644049553202355
0.44934998672907844
0.5932185298567807
2. parents 
[0, 1, 2, 3, 4]
3. pemilihan stage 
parent0stage 2 
[1, 3, 4, 7, 6, 5, 2]
parent1stage 2 
[3, 4, 1, 7, 2, 6, 5]
parent2stage 2 
[5, 4, 3, 1, 7, 2, 6]
parent3stage 2 
[5, 1, 4, 3, 2, 6, 7]
parent4stage 2 
[6, 7, 3, 1, 5, 2, 4]
####populasi setelah dimutasi 
1 2 5 6 4 3 1 3 4 7 6 5 2 2 4 2 4 
1 2 5 6 4 3 3 4 1 7 2 6 5 2 4 2 4 
4 6 2 5 1 3 5 4 3 1 7 2 6 1 3 2 3 
3 5 2 4 1 6 5 1 4 3 2 6 7 3 4 3 1 
4 1 3 5 2 6 6 7 3 1 5 2 4 4 3 2 2 
##################################
##################################
decode muplus lambda
[ 0.  0. 44.]
[0. 0. 0.]
[196.   0.  54.]


[  0. 100. 100.   0.]
[0. 0. 0. 0.]
[  0.   0. 100.   0.]


[0 0 0 0]
[50  0 50  0]
[  0 100   0 100]
[0 0 0 0]


1
0
1


0
1
1
0


[ 0. 44.  0.]
[0. 0. 0.]
[147. 103.   0.]


[  0. 100.  50.   0.]
[  0.   0. 150.   0.]
[0. 0. 0. 0.]


[0 0 0 0]
[50  0 50  0]
[  0 100   0 100]
[0 0 0 0]


1
1
0


0
1
1
0


[0. 0. 0.]
[  4.   0. 196.]
[94.  0.  0.]


[50. 50.  0.  0.]
[0. 0. 0. 0.]
[  0.   0. 200.   0.]


[50  0  0  0]
[ 0  0 50  0]
[  0 100   0 100]
[0 0 0 0]


1
0
1


1
1
1
0


[  0.   0. 147.]
[  0. 147.   0.]
[0. 0. 0.]


[0. 0. 0. 0.]
[ 50.   0. 100.   0.]
[ 50.   0.   0. 100.]


[  0   0   0 100]
[0 0 0 0]
[50  0 50  0]
[  0 100   0   0]


0
1
1


1
0
1
1


[ 0. 98.  0.]
[0. 0. 0.]
[196.   0.   0.]


[  0. 150.   0.  50.]
[  0.   0. 100.   0.]
[0. 0. 0. 0.]


[0 0 0 0]
[  0   0  50 100]
[  0 100   0   0]
[50  0  0  0]


1
1
0


0
1
1
1


[ 0. 44.  0.]
[0. 0. 0.]
[  0.  54. 196.]


[0. 0. 0. 0.]
[  0.   0.   0. 100.]
[150.  50.   0.   0.]


[ 50 100   0   0]
[ 0  0 50  0]
[0 0 0 0]
[  0   0   0 100]


0
1
1


1
1
0
1


[ 0. 44.  0.]
[0. 0. 0.]
[147. 103.   0.]


[  0.  50.   0. 100.]
[150.   0.   0.   0.]
[0. 0. 0. 0.]


[ 50 100   0   0]
[ 0  0 50  0]
[0 0 0 0]
[  0   0   0 100]


1
1
0


1
1
0
1


[ 0. 94.  0.]
[196.   4.   0.]
[0. 0. 0.]


[  0.  50. 150.   0.]
[50.  0. 50.  0.]
[0. 0. 0. 0.]


[50  0  0  0]
[ 0  0 50  0]
[  0 100   0 100]
[0 0 0 0]


1
1
0


1
1
1
0


[ 0.  0. 98.]
[196.   0.   0.]
[0. 0. 0.]


[100.   0.   0. 100.]
[0. 0. 0. 0.]
[  0.   0. 100.   0.]


[  0   0   0 100]
[0 0 0 0]
[50  0 50  0]
[  0 100   0   0]


1
0
1


1
0
1
1


[  0. 147.   0.]
[0. 0. 0.]
[147.   0.   0.]


[  0. 150.   0.   0.]
[  0.   0. 100.  50.]
[0. 0. 0. 0.]


[0 0 0 0]
[  0   0  50 100]
[  0 100   0   0]
[50  0  0  0]


1
1
0


0
1
1
1


##################################
##################################
eval muplus lambda
0.07134058728786632
0.08270534914933844
0.3105800171085823
0.17996744857197247
0.31561936
0.12580722454714247
0.03855068379296783
0.4567565527677073
0.10106047166324139
0.3358789983006458
##################################
##################################
populasi baru 
1 2 5 6 4 3 3 4 1 7 2 6 5 2 4 2 4 
1 2 5 6 4 3 7 1 4 3 2 6 5 2 4 2 4 
3 2 1 5 4 6 6 2 7 1 5 4 3 3 4 1 2 
2 4 5 3 6 1 2 1 7 4 6 3 5 3 4 3 4 
5 6 3 1 2 4 1 3 4 7 5 2 6 1 2 4 4 
##################################
##################################
crossover dengan pc= 0.5
1. random nilai
0.8630066581682728
0.04732819429715496
0.8233053082001688
0.6194678459925662
0.2101784336869993
2. parents 
[0.04732819429715496, 0.2101784336869993]
3. new population 
1 2 5 6 4 3 3 4 1 7 2 6 5 2 4 2 4 
1 2 5 6 4 3 1 3 4 7 5 2 6 2 4 2 4 
3 2 1 5 4 6 6 2 7 1 5 4 3 3 4 1 2 
2 4 5 3 6 1 2 1 7 4 6 3 5 3 4 3 4 
5 6 3 1 2 4 7 1 4 3 2 6 5 1 2 4 4 
##################################
##################################
mutasi dengan Pm = 0.7
1. random nilai 
0.7554934697104448
0.4576320422651706
0.9030798239170277
0.7083606845566254
0.031392324965085816
2. parents 
[1, 4]
3. pemilihan stage 
parent0stage 2 
[1, 3, 4, 6, 5, 2, 7]
parent1stage 2 
[7, 1, 4, 6, 2, 3, 5]
####populasi setelah dimutasi 
1 2 5 6 4 3 3 4 1 7 2 6 5 2 4 2 4 
1 2 5 6 4 3 1 3 4 6 5 2 7 2 4 2 4 
3 2 1 5 4 6 6 2 7 1 5 4 3 3 4 1 2 
2 4 5 3 6 1 2 1 7 4 6 3 5 3 4 3 4 
5 6 3 1 2 4 7 1 4 6 2 3 5 1 2 4 4 
##################################
##################################
decode muplus lambda
[ 0. 44.  0.]
[0. 0. 0.]
[147. 103.   0.]


[  0. 100.  50.   0.]
[  0.   0. 150.   0.]
[0. 0. 0. 0.]


[0 0 0 0]
[50  0 50  0]
[  0 100   0 100]
[0 0 0 0]


1
1
0


0
1
1
0


[ 0.  0. 44.]
[0. 0. 0.]
[196.   0.  54.]


[ 50.  50.   0. 100.]
[0. 0. 0. 0.]
[100.   0.   0.   0.]


[ 50 100   0   0]
[ 0  0 50  0]
[0 0 0 0]
[  0   0   0 100]


1
0
1


1
1
0
1


[  0.   0. 196.]
[0. 0. 0.]
[98.  0.  0.]


[  0.   0.   0. 100.]
[0. 0. 0. 0.]
[ 50. 100.  50.   0.]


[ 0  0 50  0]
[  0   0   0 100]
[50  0  0  0]
[  0 100   0   0]


1
0
1


1
1
1
1


[0. 0. 0.]
[ 0.  0. 44.]
[ 98.   0. 152.]


[  0.   0.   0. 100.]
[0. 0. 0. 0.]
[  0.   0. 100. 100.]


[0 0 0 0]
[0 0 0 0]
[50  0 50  0]
[  0 100   0 100]


1
0
1


0
0
1
1


[ 0. 94.  0.]
[  0.  53. 147.]
[0. 0. 0.]


[0. 0. 0. 0.]
[  0.   0.   0. 150.]
[ 50. 100.   0.   0.]


[50  0  0  0]
[  0 100   0   0]
[0 0 0 0]
[  0   0  50 100]


0
1
1


1
1
0
1


[ 0. 44.  0.]
[0. 0. 0.]
[147. 103.   0.]


[  0. 100.  50.   0.]
[  0.   0. 150.   0.]
[0. 0. 0. 0.]


[0 0 0 0]
[50  0 50  0]
[  0 100   0 100]
[0 0 0 0]


1
1
0


0
1
1
0


[ 0. 44.  0.]
[0. 0. 0.]
[  0.  54. 196.]


[0. 0. 0. 0.]
[  0.   0.   0. 100.]
[150.  50.   0.   0.]


[ 50 100   0   0]
[ 0  0 50  0]
[0 0 0 0]
[  0   0   0 100]


0
1
1


1
1
0
1


[  0.   0. 196.]
[0. 0. 0.]
[98.  0.  0.]


[  0.   0.   0. 100.]
[0. 0. 0. 0.]
[ 50. 100.  50.   0.]


[ 0  0 50  0]
[  0   0   0 100]
[50  0  0  0]
[  0 100   0   0]


1
0
1


1
1
1
1


[0. 0. 0.]
[ 0.  0. 44.]
[ 98.   0. 152.]


[  0.   0.   0. 100.]
[0. 0. 0. 0.]
[  0.   0. 100. 100.]


[0 0 0 0]
[0 0 0 0]
[50  0 50  0]
[  0 100   0 100]


1
0
1


0
0
1
1


[94.  0.  0.]
[102.   0.  98.]
[0. 0. 0.]


[  0. 100.   0. 100.]
[0. 0. 0. 0.]
[50.  0.  0. 50.]


[50  0  0  0]
[  0 100   0   0]
[0 0 0 0]
[  0   0  50 100]


1
0
1


1
1
0
1


##################################
##################################
eval muplus lambda
0.3016154629090909
0.16802646277219163
-0.08084484822746316
0.4004414078181818
0.2669316049977155
0.3016154629090909
0.3003089004669795
-0.08084484822746316
0.4004414078181818
0.043911735960656534
##################################
##################################
populasi baru 
3 2 1 5 4 6 6 2 7 1 5 4 3 3 4 1 2 
5 6 3 1 2 4 7 1 4 6 2 3 5 1 2 4 4 
5 3 6 4 1 2 1 4 2 3 6 7 5 1 3 3 3 
5 3 6 1 4 2 2 7 3 1 6 5 4 4 4 3 1 
1 5 2 3 4 6 2 6 4 1 3 5 7 2 4 4 2 
##################################
##################################
crossover dengan pc= 0.5
1. random nilai
0.8465865707197363
0.1022098822226265
0.2926084212581238
0.05302557741749525
0.6715500777205291
2. parents 
[0.2926084212581238, 0.05302557741749525]
3. new population 
3 2 1 5 4 6 6 2 7 1 5 4 3 3 4 1 2 
5 6 3 1 2 4 7 1 4 6 2 3 5 1 2 4 4 
5 3 6 4 1 2 2 7 3 1 6 5 4 1 3 3 3 
5 3 6 1 4 2 1 4 2 3 6 7 5 4 4 3 1 
1 5 2 3 4 6 2 6 4 1 3 5 7 2 4 4 2 
##################################
##################################
mutasi dengan Pm = 0.7
1. random nilai 
0.8679072137909176
0.9593167899779176
0.36690611360790715
0.07466115499826753
0.5673736576231158
2. parents 
[2, 3, 4]
3. pemilihan stage 

 parent0stage1 dan stage 3 
->stage1
[5, 2, 6, 4, 1, 3]
->stage3
[1, 3, 3, 1]

 parent1stage1 dan stage 3 
->stage1
[5, 3, 1, 6, 4, 2]
->stage3
[1, 4, 3, 1]

 parent2stage1 dan stage 3 
->stage1
[6, 5, 2, 3, 4, 1]
->stage3
[1, 4, 4, 2]
####populasi setelah dimutasi 
3 2 1 5 4 6 6 2 7 1 5 4 3 3 4 1 2 
5 6 3 1 2 4 7 1 4 6 2 3 5 1 2 4 4 
5 2 6 4 1 3 2 7 3 1 6 5 4 1 3 3 1 
5 3 1 6 4 2 1 4 2 3 6 7 5 1 4 3 1 
6 5 2 3 4 1 2 6 4 1 3 5 7 1 4 4 2 
##################################
##################################
decode muplus lambda
[  0.   0. 196.]
[0. 0. 0.]
[98.  0.  0.]


[  0.   0.   0. 100.]
[0. 0. 0. 0.]
[ 50. 100.  50.   0.]


[ 0  0 50  0]
[  0   0   0 100]
[50  0  0  0]
[  0 100   0   0]


1
0
1


1
1
1
1


[94.  0.  0.]
[102.   0.  98.]
[0. 0. 0.]


[  0. 100.   0. 100.]
[0. 0. 0. 0.]
[50.  0.  0. 50.]


[50  0  0  0]
[  0 100   0   0]
[0 0 0 0]
[  0   0  50 100]


1
0
1


1
1
0
1


[ 0. 44.  0.]
[0. 0. 0.]
[  0.  54. 196.]


[0. 0. 0. 0.]
[50.  0. 50.  0.]
[  0.   0. 200.   0.]


[50  0  0  0]
[0 0 0 0]
[  0 100  50 100]
[0 0 0 0]


0
1
1


1
0
1
0


[ 0. 44.  0.]
[0. 0. 0.]
[  0. 103. 147.]


[0. 0. 0. 0.]
[100.   0.  50.   0.]
[  0.   0.   0. 150.]


[  0   0   0 100]
[0 0 0 0]
[ 0  0 50  0]
[ 50 100   0   0]


0
1
1


1
0
1
1


[  0.   0. 147.]
[  0. 147.   0.]
[0. 0. 0.]


[0. 0. 0. 0.]
[ 50.   0. 100.   0.]
[100.  50.   0.   0.]


[ 50 100   0   0]
[ 0  0 50  0]
[  0   0   0 100]
[0 0 0 0]


0
1
1


1
1
1
0


[  0.   0. 196.]
[0. 0. 0.]
[98.  0.  0.]


[  0.   0.   0. 100.]
[0. 0. 0. 0.]
[ 50. 100.  50.   0.]


[ 0  0 50  0]
[  0   0   0 100]
[50  0  0  0]
[  0 100   0   0]


1
0
1


1
1
1
1


[94.  0.  0.]
[102.   0.  98.]
[0. 0. 0.]


[  0. 100.   0. 100.]
[0. 0. 0. 0.]
[50.  0.  0. 50.]


[50  0  0  0]
[  0 100   0   0]
[0 0 0 0]
[  0   0  50 100]


1
0
1


1
1
0
1


[ 0. 44.  0.]
[0. 0. 0.]
[  0. 103. 147.]


[0. 0. 0. 0.]
[  0.   0. 150.   0.]
[150.   0.   0.   0.]


[ 50   0   0 100]
[0 0 0 0]
[  0 100  50   0]
[0 0 0 0]


0
1
1


1
0
1
0


[  0. 103. 147.]
[ 0. 44.  0.]
[0. 0. 0.]


[0. 0. 0. 0.]
[ 50.   0.   0. 100.]
[100.   0.  50.   0.]


[ 50   0   0 100]
[0 0 0 0]
[ 0  0 50  0]
[  0 100   0   0]


0
1
1


1
0
1
1


[  0. 103. 147.]
[ 0. 44.  0.]
[0. 0. 0.]


[0. 0. 0. 0.]
[  0.   0.   0. 150.]
[ 50. 100.   0.   0.]


[50  0  0  0]
[  0   0   0 100]
[0 0 0 0]
[  0 100  50   0]


0
1
1


1
1
0
1


##################################
##################################
eval muplus lambda
-0.03900452887650804
0.07577647000000004
0.3198406329682771
0.507388131918191
0.1294853604691951
-0.03900452887650804
0.07577647000000004
0.146052421958457
0.24659804986590897
0.22144101509850045
##################################
##################################
populasi baru 
3 2 1 5 4 6 6 2 7 1 5 4 3 3 4 1 2 
5 6 3 1 2 4 7 1 4 6 2 3 5 1 2 4 4 
6 2 1 4 3 5 6 7 1 4 5 3 2 2 1 4 1 
3 5 2 1 6 4 2 5 1 3 4 6 7 2 4 3 1 
1 5 6 4 2 3 1 6 5 3 4 2 7 3 4 3 4 
##################################
##################################
crossover dengan pc= 0.5
1. random nilai
0.11668817940563814
0.3790016561876802
0.6966481035146092
0.8873943511665485
0.7565861228878364
2. parents 
[0.11668817940563814, 0.3790016561876802]
3. new population 
3 2 1 5 4 6 7 1 4 6 2 3 5 3 4 1 2 
5 6 3 1 2 4 6 2 7 1 5 4 3 1 2 4 4 
6 2 1 4 3 5 6 7 1 4 5 3 2 2 1 4 1 
3 5 2 1 6 4 2 5 1 3 4 6 7 2 4 3 1 
1 5 6 4 2 3 1 6 5 3 4 2 7 3 4 3 4 
##################################
##################################
mutasi dengan Pm = 0.7
1. random nilai 
0.3062805520984281
0.6308904070347844
0.6626943872331454
0.4352354011343855
0.23510241470995363
2. parents 
[0, 1, 2, 3, 4]
3. pemilihan stage 

 parent0stage1 dan stage 3 
->stage1
[3, 2, 1, 5, 6, 4]
->stage3
[3, 4, 2, 2]

 parent1stage1 dan stage 3 
->stage1
[4, 6, 3, 1, 2, 5]
->stage3
[1, 4, 4, 4]

 parent2stage1 dan stage 3 
->stage1
[6, 3, 1, 4, 2, 5]
->stage3
[2, 3, 4, 1]

 parent3stage1 dan stage 3 
->stage1
[3, 6, 2, 1, 5, 4]
->stage3
[1, 4, 3, 1]

 parent4stage1 dan stage 3 
->stage1
[1, 5, 2, 4, 6, 3]
->stage3
[3, 4, 1, 4]
####populasi setelah dimutasi 
3 2 1 5 6 4 7 1 4 6 2 3 5 3 4 2 2 
4 6 3 1 2 5 6 2 7 1 5 4 3 1 4 4 4 
6 3 1 4 2 5 6 7 1 4 5 3 2 2 3 4 1 
3 6 2 1 5 4 2 5 1 3 4 6 7 1 4 3 1 
1 5 2 4 6 3 1 6 5 3 4 2 7 3 4 1 4 
##################################
##################################
decode muplus lambda
[  0.   0. 196.]
[0. 0. 0.]
[98.  0.  0.]


[  0.   0.   0. 100.]
[0. 0. 0. 0.]
[ 50. 100.  50.   0.]


[ 0  0 50  0]
[  0   0   0 100]
[50  0  0  0]
[  0 100   0   0]


1
0
1


1
1
1
1


[94.  0.  0.]
[102.   0.  98.]
[0. 0. 0.]


[  0. 100.   0. 100.]
[0. 0. 0. 0.]
[50.  0.  0. 50.]


[50  0  0  0]
[  0 100   0   0]
[0 0 0 0]
[  0   0  50 100]


1
0
1


1
1
0
1


[103. 147.   0.]
[0. 0. 0.]
[44.  0.  0.]


[50. 50.  0. 50.]
[150.   0.   0.   0.]
[0. 0. 0. 0.]


[  0 100   0 100]
[50  0  0  0]
[0 0 0 0]
[ 0  0 50  0]


1
1
0


1
1
0
1


[  0. 147.   0.]
[147.   0.   0.]
[0. 0. 0.]


[  0.  50.   0. 100.]
[100.   0.  50.   0.]
[0. 0. 0. 0.]


[  0   0   0 100]
[50  0  0  0]
[ 0  0 50  0]
[  0 100   0   0]


1
1
0


1
1
1
1


[0. 0. 0.]
[ 0. 44.  0.]
[  0. 103. 147.]


[0. 0. 0. 0.]
[  0.   0.   0. 150.]
[  0.   0. 100.  50.]


[0 0 0 0]
[0 0 0 0]
[50  0 50  0]
[  0 100   0 100]


0
1
1


0
0
1
1


[ 0.  0. 98.]
[0. 0. 0.]
[196.   0.   0.]


[  0. 150.   0.  50.]
[0. 0. 0. 0.]
[ 0.  0. 50. 50.]


[0 0 0 0]
[  0   0  50 100]
[50  0  0  0]
[  0 100   0   0]


1
0
1


0
1
1
1


[94.  0.  0.]
[  4.   0. 196.]
[0. 0. 0.]


[50. 50.  0.  0.]
[0. 0. 0. 0.]
[100.   0. 100.   0.]


[ 50 100   0   0]
[ 0  0 50  0]
[  0   0   0 100]
[0 0 0 0]


1
0
1


1
1
1
0


[103. 147.   0.]
[0. 0. 0.]
[44.  0.  0.]


[50. 50.  0. 50.]
[ 50.   0. 100.   0.]
[0. 0. 0. 0.]


[  0   0   0 100]
[50  0  0  0]
[  0 100   0   0]
[ 0  0 50  0]


1
1
0


1
1
1
1


[ 0. 94.  0.]
[147.  53.   0.]
[0. 0. 0.]


[ 50.   0.   0. 100.]
[100.   0.  50.   0.]
[0. 0. 0. 0.]


[ 50   0   0 100]
[0 0 0 0]
[ 0  0 50  0]
[  0 100   0   0]


1
1
0


1
0
1
1


[  0. 147.   0.]
[  0.   0. 147.]
[0. 0. 0.]


[0. 0. 0. 0.]
[  0.   0.   0. 150.]
[50.  0. 50. 50.]


[ 0  0 50  0]
[0 0 0 0]
[50  0  0  0]
[  0 100   0 100]


0
1
1


1
0
1
1


##################################
##################################
eval muplus lambda
-0.10261761680245648
0.0416076544226959
0.18178526560772812
0.24701947411200312
0.41763352947913207
-0.05556219876778093
0.16381305680950858
0.23014751325
0.4398954081231396
0.2218747144
##################################
##################################
populasi baru 
3 2 1 5 4 6 6 2 7 1 5 4 3 3 4 1 2 
3 2 1 5 6 4 7 1 4 6 2 3 5 3 4 2 2 
5 6 4 2 1 3 5 3 6 7 2 4 1 3 3 3 2 
4 2 3 5 1 6 2 4 5 7 3 6 1 3 2 2 1 
2 3 5 6 4 1 3 2 4 1 5 6 7 2 3 2 3 
##################################
