decode final population #################
[     0.      0. 849902.      0.]


[0. 0.]
[0. 0.]
[284280. 565622.]
[0. 0.]


[31800     0     0     0 29100     0 30500 29400     0     0 19780     0
     0 24000     0     0     0     0     0     0 16900 30800     0 37200
     0 34800     0     0]
[    0 39800 28900 29870     0 22000     0     0 41002 39800     0 21000
 44000     0 27890 20200 30160 44000 15900 47800     0     0 33100     0
 38200     0 35000  7000]


0
0
1
0


1
1


##################################
[     0.      0.      0. 849902.]


[0. 0.]
[0. 0.]
[0. 0.]
[287732. 562170.]


[    0     0 28900 29870     0     0     0     0 41002 39800     0 21000
     0     0     0 20200 30160     0     0     0     0     0     0     0
     0 34800 35000  7000]
[31800 39800     0     0 29100 22000 30500 29400     0     0 19780     0
 44000 24000 27890     0     0 44000 15900 47800 16900 30800 33100 37200
 38200     0     0     0]


0
0
0
1


1
1


##################################
[590000.      0. 259902.      0.]


[166278. 423722.]
[0. 0.]
[259902.      0.]
[0. 0.]


[31800 39800 28900     0     0     0 30500     0     0 39800 19780 21000
     0 24000     0     0     0     0 15900 47800 16900 30800     0 37200
     0     0 35000  7000]
[    0     0     0 29870 29100 22000     0 29400 41002     0     0     0
 44000     0 27890 20200 30160 44000     0     0     0     0 33100     0
 38200 34800     0     0]


1
0
1
0


1
1


##################################
[     0.      0.      0. 849902.]


[0. 0.]
[0. 0.]
[0. 0.]
[430010. 419892.]


[31800 39800     0 29870 29100 22000     0     0     0 39800 19780 21000
 44000 24000     0     0 30160 44000     0     0 16900 30800     0     0
     0     0     0  7000]
[    0     0 28900     0     0     0 30500 29400 41002     0     0     0
     0     0 27890 20200     0     0 15900 47800     0     0 33100 37200
 38200 34800 35000     0]


0
0
0
1


1
1


##################################
[     0. 590000.      0. 259902.]


[0. 0.]
[332810. 257190.]
[0. 0.]
[     0. 259902.]


[31800 39800     0 29870     0     0     0 29400     0 39800 19780     0
     0     0     0 20200 30160     0     0     0 16900     0 33100     0
     0     0 35000  7000]
[    0     0 28900     0 29100 22000 30500     0 41002     0     0 21000
 44000 24000 27890     0     0 44000 15900 47800     0 30800     0 37200
 38200 34800     0     0]


0
1
0
1


1
1


##################################
[590000. 259902.      0.      0.]


[486160. 103840.]
[     0. 259902.]
[0. 0.]
[0. 0.]


[31800     0 28900     0 29100     0     0 29400     0     0     0 21000
 44000     0     0 20200 30160 44000 15900 47800     0 30800 33100     0
 38200 34800     0  7000]
[    0 39800     0 29870     0 22000 30500     0 41002 39800 19780     0
     0 24000 27890     0     0     0     0     0 16900     0     0 37200
     0     0 35000     0]


1
1
0
0


1
1


##################################
[590000. 259902.      0.      0.]


[436242. 153758.]
[     0. 259902.]
[0. 0.]
[0. 0.]


[31800 39800 28900     0 29100     0     0     0 41002 39800 19780     0
 44000     0     0 20200 30160     0     0 47800     0 30800 33100     0
     0     0     0     0]
[    0     0     0 29870     0 22000 30500 29400     0     0     0 21000
     0 24000 27890     0     0 44000 15900     0 16900     0     0 37200
 38200 34800 35000  7000]


1
1
0
0


1
1


##################################
[590000.      0.      0. 259902.]


[ 66930. 523070.]
[0. 0.]
[0. 0.]
[259902.      0.]


[31800     0     0 29870     0 22000     0 29400 41002     0     0     0
 44000 24000     0     0 30160     0 15900     0 16900     0     0     0
     0 34800     0  7000]
[    0 39800 28900     0 29100     0 30500     0     0 39800 19780 21000
     0     0 27890 20200     0 44000     0 47800     0 30800 33100 37200
 38200     0 35000     0]


1
0
0
1


1
1


##################################
[     0.      0. 849902.      0.]


[0. 0.]
[0. 0.]
[380960. 468942.]
[0. 0.]


[31800 39800     0     0 29100 22000     0     0     0     0     0 21000
     0 24000     0     0 30160 44000 15900     0 16900     0 33100     0
 38200     0 35000     0]
[    0     0 28900 29870     0     0 30500 29400 41002 39800 19780     0
 44000     0 27890 20200     0     0     0 47800     0 30800     0 37200
     0 34800     0  7000]


0
0
1
0


1
1


##################################
[     0. 590000.      0. 259902.]


[0. 0.]
[395242. 194758.]
[0. 0.]
[     0. 259902.]


[    0     0 28900     0 29100     0 30500     0 41002 39800 19780     0
     0     0     0     0 30160     0 15900 47800     0     0 33100 37200
     0     0 35000  7000]
[31800 39800     0 29870     0 22000     0 29400     0     0     0 21000
 44000 24000 27890 20200     0 44000     0     0 16900 30800     0     0
 38200 34800     0     0]


0
1
0
1


1
1


##################################
